epoch:1/train_loss:0.9148078386177674/mask_loss:0.9595379195244409/recons_loss:0.06493631472157163
epoch:1/val_loss:0.914435830970305/mask_loss:0.9608057014514302/recons_loss:0.033408305648228394
