epoch:1/train_loss:0.42914316058158875/mask_loss:0.42914316058158875/recons_loss:0.18612897396087646
epoch:1/val_loss:0.5540457963943481/mask_loss:0.5540457963943481/recons_loss:0.17236657440662384
epoch:2/train_loss:0.4146595299243927/mask_loss:0.4146595299243927/recons_loss:0.18251052498817444
epoch:2/val_loss:0.551932692527771/mask_loss:0.551932692527771/recons_loss:0.17253132164478302
