epoch:1/train_loss:0.49330416321754456/mask_loss:0.49279263615608215/recons_loss:0.00511550297960639
epoch:1/val_loss:0.5266444683074951/mask_loss:0.5261722207069397/recons_loss:0.004722945392131805
epoch:2/train_loss:0.48270347714424133/mask_loss:0.48220187425613403/recons_loss:0.005016248673200607
epoch:2/val_loss:0.5200234651565552/mask_loss:0.5195560455322266/recons_loss:0.004674380645155907
