epoch:1/train_loss:0.8647622466087341/mask_loss:0.9544664621353149/recons_loss:0.057425208389759064
epoch:1/val_loss:0.8679741024971008/mask_loss:0.957028865814209/recons_loss:0.06648063659667969
