epoch:1/train_loss:0.8436824679374695/mask_loss:0.9364956617355347/recons_loss:0.008363700471818447
epoch:1/val_loss:0.8501148819923401/mask_loss:0.9428409934043884/recons_loss:0.015580891631543636
epoch:2/train_loss:0.824587345123291/mask_loss:0.9155275225639343/recons_loss:0.006125335115939379
epoch:2/val_loss:0.8543421030044556/mask_loss:0.943891704082489/recons_loss:0.048396188765764236
